1,appendicitis.dat,106,10,0.1,1,0.003,0.218116
2,appendicitis.dat,106,10,0.1,10,0.019,0.301255
3,appendicitis.dat,106,10,0.1,100,0.388,0.776152
4,appendicitis.dat,106,10,0.1,500,1.305,0.926747
5,appendicitis.dat,106,10,0.1,1000,2.847,0.98899
6,appendicitis.dat,106,10,0.2,1,0.005,0.218116
7,appendicitis.dat,106,10,0.2,10,0.02,0.356514
8,appendicitis.dat,106,10,0.2,100,0.292,0.860416
9,appendicitis.dat,106,10,0.2,500,1.215,0.908301
10,appendicitis.dat,106,10,0.2,1000,2.395,0.973355
11,appendicitis.dat,106,10,0.30000000000000004,1,0,0.218116
12,appendicitis.dat,106,10,0.30000000000000004,10,0.02,0.419561
13,appendicitis.dat,106,10,0.30000000000000004,100,0.326,0.836245
14,appendicitis.dat,106,10,0.30000000000000004,500,1.316,0.881885
15,appendicitis.dat,106,10,0.30000000000000004,1000,2.143,0.973355
16,appendicitis.dat,106,10,0.4,1,0.002,0.218116
17,appendicitis.dat,106,10,0.4,10,0.027,0.492425
18,appendicitis.dat,106,10,0.4,100,0.322,0.744823
19,appendicitis.dat,106,10,0.4,500,1.146,0.833379
20,appendicitis.dat,106,10,0.4,1000,3.971,0.922555
21,appendicitis.dat,106,10,0.5,1,0.005,0.218116
22,appendicitis.dat,106,10,0.5,10,0.037,0.570504
23,appendicitis.dat,106,10,0.5,100,0.445,0.76518
24,appendicitis.dat,106,10,0.5,500,1.857,0.812736
25,appendicitis.dat,106,10,0.5,1000,3.694,0.865316
26,appendicitis.dat,106,10,0.6000000000000001,1,0,0.218116
27,appendicitis.dat,106,10,0.6000000000000001,10,0.05,0.586954
28,appendicitis.dat,106,10,0.6000000000000001,100,0.393,0.710742
29,appendicitis.dat,106,10,0.6000000000000001,500,2.145,0.826127
30,appendicitis.dat,106,10,0.6000000000000001,1000,3.186,0.922555
31,appendicitis.dat,106,10,0.7000000000000001,1,0,0.218116
32,appendicitis.dat,106,10,0.7000000000000001,10,0.032,0.57097
33,appendicitis.dat,106,10,0.7000000000000001,100,0.23,0.702251
1,appendicitis.dat,106,10,0.1,1,0.001,0.218116
2,appendicitis.dat,106,10,0.1,10,0.041,0.301255
